words
356
422
509
607
762
856
1056
1153
1603
1844
2704
2773
2796
2847
2954
3221
3277
3390
3566
3635
3669
3782
3875
3917
3957
4407
4636
4802
4915
5013
5119
5374
5526
5944
6071
6137
6208
6981
7027
7067
7134
7163
7286
7426
7433
7450
7516
7617
7722
8416
8523
8576
8635
8860
9023
9092
9230
9383
9558
9634
9895
9934
10068
10188
10259
10571
10594
10669
10714
10823
10892
10924
10944
10948
11068
11145
11426
11600
11633
11652
11702
11724
11947
12071
12103
12139
12378
12386
12681
12964
12976
12986
12999
13067
13275
13360
13423
13924
14389
14433
15436
16682
16796
16829
17002
17117
17201
17421
18431
18475
18536
18667
18691
19028
19088
19379
19400
19436
19714
19844
19936
20058
20108
20153
20181
20212
20406
21027
21475
21480
21688
21895
21982
22441
22506
22573
23919
24469
25461
25499
25761
25809
25837
25915
25943
26165
26407
27728
27797
27941
27969
28254
28429
28490
28630
28875
28878
28896
29155
29563
29575
30011
30136
30625
30630
30839
31057
31120
31175
32173
32491
32823
32880
32946
33010
33035
33157
33322
33412
33495
33520
34060
35221
37532
37558
37716
37728
37816
39734
39948
40336
40538
40559
40682
40684
40980
41201
41269
41307
41415
41444
41455
41468
41746
41914
41925
42656
42841
43403
43501
43587
43775
44081
44396
44599
44629
44742
44758
44789
44831
44875
44919
44957
45019
45062
45092
45100
45281
45305
45355
45478
45554
45573
45590
45595
45894
45922
45947
45981
46006
46118
46122
46262
46274
46289
46302
46581
46588
46601
46635
46736
46757
46843
46864
46900
46923
46965
47031
47039
47370
47474
47525
47588
47637
47685
47738
48031
48146
48150
48195
48406
48410
48449
48498
48560
48584
48738
48746
48772
48800
48837
48849
48898
48927
48932
48964
48981
49064
49067
49213
49223
49254
49325
49336
49458
49497
49540
49630
49658
50290
50313
50339
50358
50454
50504
50596
50598
50625
50631
50660
50684
50721
50758
50773
50866
50882
50901
50908
50908
50913
50929
51021
51088
51118
51151
51208
51245
51360
51378
51456
51554
51631
51689
51719
51723
51792
51802
51864
51869
52002
52017
52088
52098
52146
52189
52212
52231
52270
52286
52301
52334
52378
52386
52430
52480
52533
52690
52739
52919
52943
52958
52968
52987
53083
53166
53177
53215
53249
53270
53283
53335
53350
53361
53461
53493
53578
53595
53775
53805
54215
54298
54331
54338
54542
54593
54662
54702
54828
54842
54877
54904
54917
54954
54979
54985
55027
55047
55064
55071
55100
55188
55405
55469
55485
55522
55593
55692
55701
55748
55794
55804
55824
55830
55853
55859
55910
55982
56053
56092
56133
56155
56160
56191
56259
56273
56411
56535
56542
56554
56567
56573
56594
56642
56675
57051
57061
57091
57116
57163
57173
57257
57273
57310
57369
57429
57490
57566
57635
57650
57682
57855
57893
58185
58204
58274
58283
58284
58295
58346
58366
58375
58420
58430
58581
58585
58671
58745
58781
58821
58882
58904
58991
59065
59070
59119
59130
59237
59326
59767
60278
60310
60369
60371
60408
60432
60439
60459
60480
60505
60538
60571
60579
60606
60638
60691
60726
60919
60954
60964
60982
60994
60996
61041
61061
61068
61092
61146
61179
61196
61206
61225
61304
61322
61430
61799
61817
61868
61901
61911
61926
61943
61950
61953
61981
62020
62058
62099
62100
62119
62219
62565
62659
62717
62747
62756
62800
62807
62818
62866
62881
63050
63072
63073
63110
63174
63187
63316
63326
63333
63362
63367
63384
63551
63582
63618
63781
63822
63896
63940
63947
63970
63990
64001
64033
64053
64767
64850
64906
64926
64939
65067
65083
65097
65184
65220
65290
65299
65333
65395
65427
65452
65648
65694
65720
65861
65895
65919
66924
66978
66987
66997
67011
67035
67090
67112
67135
67140
67215
67239
67245
67277
67300
67314
67417
67436
67447
67454
67465
67530
67544
67573
67604
67620
67629
67713
67827
67917
67982
68001
68022
68071
68087
68098
68138
68146
68147
68154
68184
68238
68245
68259
68323
68332
68365
68392
68401
68769
68789
68792
68878
68897
68906
68935
68973
68989
69003
69006
69031
69065
69096
69136
69150
69242
69268
69278
69318
69328
69349
69352
69381
69399
69431
69455
69489
69540
69592
69616
69636
69732
69753
69761
69779
69811
69831
69838
69840
70001
70111
70140
70160
70206
70244
70318
70414
70428
70470
70472
70486
70515
70642
70680
70700
70763
71000
71008
71017
71039
71055
71095
71267
71306
71326
71432
71474
71627
71693
71696
71717
71719
71740
71755
72086
72303
72324
72349
72400
72403
72468
72494
72622
72775
72788
72790
72812
72820
72832
72858
72865
73039
73115
73149
73175
73202
73234
73285
73289
73302
73394
73471
73471
73542
73548
73552
73566
74034
74083
74092
74152
74164
74168
74182
74199
74218
74399
74414
74416
74461
74541
74552
74583
74597
74651
74690
74736
74753
74761
74806
74837
74892
74925
74941
74947
75093
75111
75169
75177
75184
75188
75194
75421
75492
75905
76062
76096
76104
76136
76150
76225
76261
76287
76305
76321
76334
76354
76376
76599
76637
76656
77113
77213
77297
77334
78135
78200
78318
78370
78383
78409
78499
78510
78925
78991
78998
79028
79033
79075
79120
79137
79532
79554
79559
79635
79662
79665
79676
79697
79816
79861
79925
79937
79956
79961
79986
80001
80305
80320
80349
80381
80382
80400
80426
80442
80498
80547
80548
80555
80566
80604
80619
80624
80627
80638
80649
80671
80698
80725
80735
80739
80850
81016
81063
81129
81147
81173
81276
81279
81296
81308
81326
81795
81861
81886
81942
82062
82074
82079
82131
82157
82183
82218
82225
82228
82244
82853
82995
83001
83023
83045
83118
83132
83312
83577
83584
83645
83653
83679
83693
83787
83789
83840
83863
83865
83875
83930
84017
84026
84047
84052
84060
84079
84082
84088
84108
84158
84224
84228
84307
84318
84324
84518
84521
84534
84574
84584
84621
84656
84671
84969
85015
85064
85106
85183
85193
85197
85215
85237
85294
85570
85585
85623
85661
85710
85941
85990
86009
86039
86073
86137
86152
86167
86181
86184
86198
86248
86266
86294
86298
86328
86344
86361
86371
86405
86485
86515
86526
86575
86604
86752
86893
86904
86938
86941
86960
86973
86983
87038
87098
87126
87129
87135
87183
87187
87196
87205
87499
87531
87553
87573
87597
87652
87715
87754
87775
87788
87791
87817
87894
87912
87932
87949
87983
88285
88292
88510
88526
88538
88566
88640
88694
88730
88796
88800
89055
89059
89257
89363
89374
89467
89493
89515
89524
89549
89569
89610
89659
89730
89754
89759
89766
89768
89781
89911
89922
89926
89959
89972
89997
90005
90010
90038
90108
90194
90270
90380
90387
90399
90404
90429
90473
90497
90579
90589
90633
90642
90659
91093
91101
91189
91200
91257
91281
91390
91430
91440
91471
91475
92509
92555
92578
92613
92621
92624
92649
92734
92750
92757
92793
92877
92901
92926
92933
93016
93022
93025
93030
93068
93103
93153
93157
93240
93251
93509
93549
93578
93584
93600
93921
94055
94093
94127
94148
94153
94176
94185
94198
94217
94226
94236
94307
94313
94327
94345
94349
94394
94401
94406
94452
94458
94500
94520
94567
94802
94826
94846
94871
94918
94935
94971
94981
95002
95010
95025
95126
95139
95161
95764
95780
96165
96204
96211
96236
96272
96288
96291
96299
96344
96350
96389
96394
96476
96511
96526
96550
96643
96671
96686
96721
96752
96962
96978
97004
97020
97034
97081
97115
97119
97136
97219
97225
97232
97239
97358
97379
98067
98126
98145
98163
98183
98193
98440
98448
98469
98545
98573
98577
98607
98617
98623
98652
98657
98691
98712
98741
98745
98762
98801
98812
98833
98841
98880
98882
98959
99023
99035
99047
99087
99097
99113
99118
99312
99475
99542
99573
99581
99624
99632
99764
99771
99776
99790
99806
99878
99888
99931
99970
100059
100061
100068
100120
100145
100205
100221
100239
100269
100282
100303
100316
100336
100347
100353
100362
100370
100384
100413
100459
100598
100610
100635
100648
100660
100667
100820
100858
100886
100895
100902
101183
101185
101208
101236
101240
101245
101266
101360
101367
101652
101667
101713
101718
101754
101776
101787
101796
101802
101874
101888
101900
101951
101980
101990
101996
102148
102219
102290
102291
102421
102446
102449
102469
102475
102496
102502
102538
102584
102629
102701
102757
102788
102825
102839
102868
102871
102902
102936
102947
102997
103002
103156
103192
103243
103267
103271
103293
103674
103764
103837
103896
103931
103972
104085
104095
104107
104118
104144
104153
104247
104256
104268
104296
104847
104878
104912
105008
105020
105247
105259
105270
105279
105348
105356
105362
105455
105469
105469
105517
105525
105586
105635
105647
105660
105675
105733
105749
105801
105881
105893
105925
105935
105947
105999
106048
106113
106151
106156
106192
106210
106240
106260
106267
106294
106310
106600
106673
106696
106854
106894
106903
106980
106994
107007
107051
107067
107071
107080
107220
107230
107250
107271
107335
107341
107354
107619
107633
107652
107662
107672
107736
107758
107836
107866
107983
107996
108018
108025
108030
108304
108312
108323
108333
108349
108440
108495
108532
108536
108552
108848
108865
108886
108891
109018
109022
109099
109345
109367
109380
109391
109408
109416
109452
109530
109562
109568
109634
109647
109733
109792
109861
109906
109910
109937
109944
109984
109997
110010
110045
110101
110262
110379
110383
110387
110406
110421
110425
110430
110446
110459
110478
110521
110550
110562
110589
110710
110821
110842
110936
110999
111021
111056
111073
111077
111094
111186
111188
111237
111237
111248
111289
111329
111403
111407
111413
111421
111460
111477
111504
111508
111593
111658
111929
111957
111981
112010
112052
112069
112121
112193
112214
112256
112280
112416
112432
112463
112505
112512
112542
112550
112554
112561
112619
112655
112731
112745
112754
112776
112792
112801
112807
112821
112909
113006
113067
113159
113167
113248
113361
113371
113382
113480
113718
113726
113762
113810
113819
113878
113973
114007
114045
114059
114082
114095
114107
114123
114152
114185
114198
114246
114255
114258
114267
114306
114319
114330
114349
114378
114390
114428
114479
114498
114551
114611
114635
114644
114669
114683
114732
114844
114922
114938
114946
114952
114953
114955
114999
115024
115028
115089
115097
115276
115283
115299
115322
115416
115428
115487
115497
115703
115731
115758
115769
115776
115833
115999
116010
116016
116028
116040
116044
116061
116184
116363
116376
116431
116467
116501
116629
116714
116740
116769
116783
116790
116885
116892
117401
117454
117655
117670
117764
117822
118012
118039
118051
118062
118074
118075
118206
118363
118388
118404
118416
118429
118443
118457
118468
118555
118574
118726
118737
118748
118763
118853
118862
118866
118871
118886
118900
118903
118983
119008
119021
119038
119043
119057
119095
119290
119340
119373
119379
119432
119449
119476
119481
119540
119555
119587
119593
119597
119613
119617
119966
120166
120215
120218
120220
120246
120268
120304
120316
120340
120366
120374
120383
120401
120421
120435
120445
120448
120461
120462
120483
120521
120534
120558
120587
120640
120683
120706
120716
120729
120739
120765
120777
120932
120969
120973
121026
121028
121041
121068
121072
121081
121088
121095
121117
121132
121144
121151
121187
121204
121224
121260
121272
121272
121352
121377
121389
121425
121441
121610
121610
121652
121675
121704
121708
121716
121723
121727
121739
121759
121763
121776
121794
121797
121800
121813
121861
121863
121971
121984
121992
122002
122016
122180
122215
122231
122253
122288
122346
122351
122356
122372
122373
122383
122419
122429
122499
122502
122524
122526
122663
122711
122734
122752
122764
122835
122847
122856
122909
123206
123213
123235
123267
123269
123304
123368
123372
123381
123397
123408
123410
123417
123470
123475
123605
124026
124027
124217
124285
124288
124311
124327
124341
124400
124423
124434
124435
124437
124518
124526
124569
124631
124676
124833
124858
124861
124879
125125
125271
125312
125314
125315
125333
125352
125354
125457
125465
125593
125611
125613
125616
125619
125629
125658
125664
125669
125713
125725
125783
125797
125811
125817
125829
125831
125842
125846
125935
125947
126233
126268
126294
126299
126449
126591
126600
126606
126690
126767
126775
126812
126861
126880
126889
126907
127022
127094
127106
127146
127210
127234
127235
127337
127356
127367
127390
127394
127404
127422
127477
127480
127506
127508
127533
127535
127547
127560
127569
127586
127600
127618
127622
127626
127815
127825
127830
127837
127863
127869
127878
127913
127934
127992
128075
128124
128152
128224
128246
128442
128458
128504
128514
128569
128648
128691
128703
128712
128724
128799
128804
128806
128816
128832
128836
128863
128868
128896
128906
128906
128967
128970
128996
128999
129010
129011
129014
129028
129030
129069
129087
129388
129501
129503
129525
129532
129594
129598
129639
129664
129758
129804
129836
129853
129867
129868
129875
129877
129890
130033
130039
130046
130074
130081
130132
130133
130139
130151
130156
130157
130175
130178
130189
130198
130246
130270
130301
130329
130349
130371
130394
130401
130418
130427
130437
130445
130461
130479
130490
130498
130501
130608
130617
130704
130781
130793
130829
130859
131159
131170
131182
131183
131184
131324
131345
131531
131549
131551
131566
131583
131620
131674
131720
131755
131827
131841
131852
131861
131883
131888
131893
131995
131997
132054
132065
132107
132108
132119
132170
132251
132265
132327
132360
132382
132406
132445
132454
132465
132566
132585
132614
132632
132666
132669
132672
132683
132734
132761
132816
132839
132848
132902
132930
132984
133010
133017
133097
133119
133144
133194
133195
133236
133252
133272
133285
133287
133295
133307
133347
133377
133457
133462
133467
133480
133512
133514
133540
133545
133618
133629
133673
133677
133685
133691
133739
133773
133836
133845
133893
133957
133975
133982
134020
134027
134110
134126
134136
134144
134163
134233
134242
134364
134369
134386
134409
134476
134495
134502
134517
134525
134545
134568
134596
134597
134665
134723
134756
134760
134773
134777
134810
134815
134841
134869
134874
134926
135018
135039
135076
135090
135100
135111
135118
135161
135252
135258
135360
135419
135426
135471
135478
135484
135520
135550
135581
135588
135595
135606
135626
135685
135717
135723
135733
135751
135753
135756
135762
135765
135768
135816
135860
135867
135894
135932
135963
135969
135970
136009
136020
136041
136068
136081
136089
136110
136175
136184
136194
136214
136232
136251
136275
136295
136305
136319
136327
136376
136386
136398
136407
136481
136606
136614
136622
136734
136743
136752
136878
136881
136909
136928
136938
136946
136952
137006
137042
137042
137043
137219
137228
137248
137281
137334
137341
137358
137417
137428
137440
137449
137449
137454
137468
137486
137496
137556
137578
137584
137605
137732
137787
137922
137941
137968
137971
137985
138017
138046
138071
138076
138093
138120
138135
138141
138236
138244
138273
138289
138299
138306
138409
138444
138492
138502
138509
138533
138570
138586
138590
138754
138758
138770
138812
138865
138924
138986
138988
139007
139036
139103
139115
139166
139174
139211
139565
139588
139594
139630
139634
139677
139686
139693
139705
139729
139735
139841
139953
139956
139996
140077
140096
140393
140395
140403
140413
140437
140441
140458
140478
140506
140515
140575
140626
140635
140820
140822
140840
140842
140863
140907
140923
140927
140935
140941
140955
141042
141050
141185
141194
141202
141215
141238
141242
141376
141383
141386
141390
141456
141482
141508
141520
141523
141525
141634
141671
141673
141679
141696
142553
142648
142680
142701
142713
142722
142776
142778
142842
142843
142885
142912
142961
142991
143016
143190
143204
143259
143265
143269
143278
143584
143594
143680
143684
143735
143823
143830
143954
143961
143961
143968
143990
144013
144108
144133
144169
144171
144174
144182
144196
144200
144205
144215
144265
144292
144298
144308
144335
144346
144359
144371
144398
144406
144419
144424
144428
144434
144444
144447
144605
144619
144646
144717
144732
144775
144803
144820
144830
144831
144854
144863
144868
144869
144889
144898
144919
144932
144986
145067
145092
145095
145112
145115
145116
145126
145128
145131
145134
145138
145163
145180
145187
145211
145216
145224
145286
145799
145805
146063
146104
146188
146197
146203
146243
146253
146277
146292
146376
146409
146418
146468
146511
146588
146604
146673
146676
146908
146915
146917
146919
146925
146999
147003
147006
147009
147020
147074
147081
147085
147208
147212
147216
147312
147320
147354
147385
147388
147435
147480
147496
147501
147517
147561
147591
147596
147599
147600
147604
147641
147649
148059
148072
148086
148099
148205
148209
148234
148253
148342
148347
148387
148401
148412
148417
148422
148522
148525
148535
148606
148637
148649
148665
148702
148730
148740
148751
148864
148866
148881
148897
148905
148909
148913
148929
148954
148966
149055
149069
149111
149364
149365
149371
149374
149384
149431
149438
149561
149638
149646
149653
149658
149660
149662
149666
149702
149707
149717
149720
149740
149758
149794
149800
149822
149844
149889
149896
149926
150013
150021
150029
150097
150110
150132
150137
150144
150158
150168
150178
150223
150256
150258
150260
150261
150286
150287
150302
150315
150328
150358
150382
150414
150417
150434
150438
150445
150491
150505
150515
150529
150542
150551
150566
150577
150587
150606
150611
150694
150701
150712
150714
150717
150733
150765
150768
150909
150955
150956
150962
150973
151007
151012
151019
151109
151118
151180
151215
151239
151270
151297
151309
151312
151335
151349
151448
151461
151495
151561
151606
151642
151645
151762
151773
151794
151808
151815
151835
151852
151861
152097
152167
152211
152219
152243
152245
152297
152356
152368
152396
152409
152411
152445
152445
152463
152470
152538
152543
152552
152622
152627
152655
152677
152691
152914
152983
153037
153057
153066
153106
153111
153117
153134
153176
153198
153202
153212
153262
153347
153363
153379
153389
153424
153425
153982
153989
154014
154045
154054
154164
154181
154200
154205
154235
154238
154240
154247
154254
154297
154302
154338
154342
154413
154624
154648
154772
154881
154887
155046
155053
155079
155091
155099
155147
155242
155526
155600
155619
155705
155708
155722
155724
155754
155768
155773
155778
155811
155879
155975
156068
156075
156117
156164
156223
156225
156241
156259
156262
156346
156356
156360
156361
156390
156401
156409
156414
156424
156476
156490
156496
156501
156570
156595
156621
156631
156632
156638
156651
156655
156663
156720
156725
156742
156837
156848
156873
156968
156981
157022
157102
157110
157149
157186
157199
157216
157227
157313
157316
157332
157341
157345
157441
157469
157500
157524
157542
157617
157638
157661
157713
157734
157744
157745
157833
157857
157938
157971
158000
158012
158104
158116
158127
158131
158194
158211
158245
158376
158385
158408
158412
158459
158493
158501
158521
158524
158524
158561
158621
158622
158639
158671
158703
158726
158748
158771
158781
158782
158827
158853
159012
159046
159074
159137
159186
159203
159278
159292
159303
159336
159342
159384
159413
159429
159472
159477
159487
159927
159953
159956
159967
159992
160034
160052
160169
160181
160191
160194
160385
160416
160429
160435
160687
160802
160807
160836
160847
160926
160929
160936
160944
160988
161047
161084
161109
161258
161259
161260
161270
161285
161296
161314
161351
161383
161397
161424
161442
161489
161519
161526
161539
161548
161555
161559
161562
161577
161580
161719
161731
161741
162291
162306
162308
162317
162670
162694
162705
162723
162725
162794
162806
162808
162859
162864
162879
162901
162911
162966
162974
163009
163016
163021
163051
163072
163283
163309
163319
163386
163414
163416
163427
163428
163438
163454
163467
163516
163520
163555
163567
163630
163636
163659
163682
163684
163704
163713
163736
163740
163799
163802
163812
163919
163926
164060
164074
164133
164139
164157
164223
164271
164276
164286
164376
164473
164495
164500
164504
164511
164594
164647
164671
164746
164750
164754
164769
164779
164913
164923
164925
164941
164954
165033
165064
165105
165159
165183
165191
165225
165244
165247
165247
165658
165696
165734
165773
165784
165799
165815
165823
165845
165893
165905
165921
166013
166036
166073
166077
166092
166254
166295
166315
166383
166428
166438
166448
166452
166458
166483
166556
166563
166567
166612
166639
166681
166682
166693
166749
166841
166841
166859
166871
166892
166923
166934
166947
166956
166981
166988
166998
167056
167122
167127
167130
167146
167165
167179
167287
167291
167293
167297
167300
167302
167355
167373
167377
167378
167395
167399
167400
167407
167418
167429
167436
167455
167467
167480
167537
167553
167566
167609
167661
167717
167725
167735
167881
167936
167984
167992
168010
168014
168036
168037
168053
168114
168123
168147
168148
168148
168246
168288
168307
168313
168318
168340
168348
168385
168442
168448
168618
168641
168658
168690
168702
168742
168798
168802
168878
168907
168957
168969
168976
168980
168988
168996
169056
169061
169075
169131
169157
169185
169214
169239
169260
169266
169274
169312
169339
169427
169431
169460
169475
169518
169543
169585
169587
169591
169626
169641
169646
169675
169740
169807
169826
169856
169897
170001
170006
170068
170079
170099
170161
170170
170179
170189
170194
170207
170217
170319
170322
170324
170334
170350
170378
170381
170387
170405
170415
170483
170496
170530
170762
170775
171630
171640
171645
171647
171653
171689
171692
171697
171731
171741
171747
171756
171766
171766
171773
171785
171791
171832
171850
171902
171923
171956
171966
172016
172028
172042
172045
172052
172053
172072
172248
172264
172269
172273
172337
172346
172351
172400
172431
172431
172442
172565
172589
172594
172680
172687
172779
172788
172793
172930
172935
172947
172951
172982
173001
173022
173201
173237
173292
173365
173383
173385
173388
173395
173537
173552
173610
173613
173633
173634
173641
173657
173671
173694
173697
173701
173731
173752
173768
173779
173786
173809
173811
173822
173840
173846
173860
173866
173901
173906
173913
173926
173932
173943
173945
174054
174082
174084
174128
174146
174147
174169
174257
174353
174378
174388
174440
174444
174457
174467
174478
174556
174561
174564
174643
174662
174678
174703
174722
174728
174740
174766
174792
174797
175469
175517
175531
175542
175553
175567
175572
175593
175600
175606
175610
175618
175679
175716
175741
175748
175765
175968
175984
175991
176023
176043
176209
176255
176272
176318
176323
176334
176341
176343
176457
176481
176542
176555
176569
176630
176682
176721
176742
176772
176790
176805
176950
176958
176986
176989
177050
177110
177139
177148
177154
177170
177259
177259
177271
177285
177299
177330
177341
177452
177485
177520
177524
177724
177730
177751
177843
177850
177874
177881
177890
177913
177918
177925
177929
177939
178029
178047
178049
178055
178075
178084
178089
178110
178155
178183
178188
178227
178594
178596
178609
178629
178718
178736
178739
178745
178758
178776
178789
178791
178793
178813
178826
178827
178877
179276
179286
179309
179324
179383
179404
179423
179427
179433
179454
179481
179535
179638
179645
179651
179675
179686
179731
179752
179778
180941
181074
181081
181086
181111
181135
181196
181201
181250
181254
181267
181356
181380
181385
181399
181409
181412
181451
181506
181513
181517
181531
181700
181715
181722
181722
181727
181730
181764
181785
181812
181829
181851
181867
181874
181925
181937
181941
181969
181972
181976
181981
181984
181984
182008
182029
182035
182036
182041
182050
182062
182070
182075
182094
182097
182103
182106
182127
182147
182197
182199
182204
182252
182270
182277
182305
182320
182332
182360
182366
182374
182426
182441
182461
182639
182675
182682
182695
182711
182798
182815
182838
183025
183033
183125
183192
183252
183273
183284
183327
183335
183353
183417
183419
183427
183516
183522
183560
183626
183674
183751
183806
183820
183828
183838
183857
183872
183977
183985
184021
184072
184097
184099
184101
184112
184115
184123
184132
184156
184157
184191
184385
184395
184428
184430
184434
184438
184453
184457
184470
184487
184517
184545
184568
184578
184590
184673
184702
184735
184753
184819
184825
184838
184932
184945
184950
185233
185267
185278
185290
185322
185343
185352
185363
185381
185397
185416
185418
185447
185462
185487
185501
185531
185535
185545
185562
185578
185588
185619
185672
185729
185736
186195
186252
186263
186268
186299
186312
186326
186331
186340
186367
186386
186390
186392
186456
186501
186506
186547
186587
186639
186715
186838
186871
186875
186887
186891
186948
186960
186963
186984
186988
187186
187196
187197
187213
187221
187228
187240
187248
187269
187291
187296
187311
187312
187317
187324
187379
187391
187543
187561
187571
187576
187602
187753
187764
187774
187864
187866
187893
187896
187901
187933
187940
187973
188017
188029
188327
188345
188361
188365
188409
188425
188552
188573
188680
188755
188785
188803
188905
188917
188953
188958
188972
188981
188992
189042
189052
189057
189059
189069
189078
189093
189191
189215
189262
189307
189318
189331
189437
189439
189439
189447
189465
189484
189505
189515
189535
189583
189590
189597
189618
189626
189629
189639
189653
189665
189670
189930
190024
190034
190054
190071
190075
190079
190083
190100
190119
190170
190189
190202
190340
190358
190587
190692
190859
190909
191028
191031
191045
191057
191091
191092
191100
191182
191199
191219
191239
191245
191292
191340
191362
191370
191388
191418
191429
191436
191437
191450
191485
191486
191580
191594
191618
191638
191820
191854
191862
191871
191893
191962
192007
192009
192065
192070
192094
192128
192221
192232
192246
192285
192333
192336
192399
192414
192422
192422
192468
192474
192484
192502
192506
192520
192532
192604
193039
193050
193071
193102
193128
193154
193157
193174
193222
193243
193264
193270
193275
193289
193295
193307
193369
193380
193397
193418
193432
193454
193462
193481
193525
193546
193564
193669
193682
193704
193713
193715
193730
193779
193787
193804
193918
193940
194170
194177
194191
194208
194228
194237
194301
194301
194310
194351
194430
194434
194437
194542
194571
194594
194605
194669
195235
195239
195253
195268
195274
195276
195309
195344
195374
195423
195429
195443
195449
195477
195498
195508
195559
195591
195608
195623
195632
195662
195677
195694
195701
195706
195724
195738
195743
195755
195765
195784
195842
195849
195860
195863
195866
195905
195910
195937
195948
195952
195960
195972
195975
196000
196007
196017
196041
196062
196067
196074
196114
196219
196225
196264
196266
196337
196353
196464
196475
196497
196499
196501
196506
196528
196544
196586
196687
196707
196733
196748
196751
196764
196808
196810
196816
196859
196861
196875
196889
196900
196902
196906
196908
196910
196912
196932
196944
196973
196989
196990
197029
197037
197072
197077
197098
197118
197126
197158
197171
197174
197191
197201
197217
197228
197685
197695
197704
197716
197723
197763
197780
197802
197816
197822
197835
197838
197845
197886
197901
198029
198083
198131
198150
198150
198165
198245
198278
198284
198287
198313
198353
198391
198406
198414
198416
198535
198539
198540
198568
198588
198644
198651
198686
198692
198696
198732
198741
198770
198779
198784
198797
198833
198837
198881
198902
198904
198947
198983
198996
199091
199113
199123
199185
199187
199197
199206
199218
199251
199285
199292
199300
199300
199315
199327
199337
199369
199373
199444
199451
199453
199480
199481
199495
199498
199500
199545
199598
199619
199786
199913
199932
199940
199942
199956
199980
199987
200048
200053
200058
200069
200083
200085
200111
200128
200135
200143
200157
200193
200217
200221
200223
200232
200291
200351
200377
200384
200398
200404
200426
200433
200437
200438
200443
200456
200475
200479
200486
200497
200527
200579
200594
200597
200606
200623
200626
200641
200685
200729
200740
200741
200749
200762
200785
200853
200866
200870
200885
200943
200973
200979
200992
200995
201008
201055
201073
201189
201213
201239
201240
201265
201275
201280
201285
201338
201343
201357
201359
201510
201516
201568
201570
201578
201588
201606
201615
201623
201626
201659
201673
201934
201936
201981
201983
202023
202043
202046
202056
202058
202064
202076
202086
202104
202108
202119
202127
202146
202155
202156
202216
202236
202237
202249
202252
202255
202257
202275
202395
202402
202406
202579
202580
202586
202600
203115
203259
203268
203275
203283
203352
203413
203424
203426
203431
203476
203485
203494
203512
203515
203559
203592
203620
203627
203655
203775
203778
203842
203845
203854
203888
203908
203918
203984
204024
204029
204061
204065
204084
204089
204092
204097
204102
204108
204198
204215
204220
204237
204250
204256
204264
204267
204300
204313
204397
204414
204478
204721
204742
204748
204878
204899
204908
204935
204992
205018
205021
205023
205042
205045
205052
205077
205113
205118
205373
205447
205640
205662
205694
205712
205722
205749
205757
205764
205767
205774
206049
206052
206075
206088
206091
206182
206190
206309
206322
206326
206331
206466
206470
206509
206527
206761
206767
206805
206822
206849
207086
207096
207112
207121
207138
207159
207204
207205
207205
207223
207287
207294
207299
207371
207399
207407
207431
207444
207493
207542
207585
207592
207642
207655
207725
207764
207766
207774
207780
207791
207818
207872
207886
207903
208054
208116
208183
208293
208310
208318
208326
208353
208395
208487
208505
208513
208539
208931
208963
208976
209055
209076
209247
209248
209254
209264
209346
209429
209437
209502
209503
209529
209538
209565
209569
209578
209750
209778
209819
209830
209839
209882
209928
209937
209943
209989
210017
210062
210093
210167
210190
210200
210202
210211
210214
210245
210281
210284
210295
210335
210335
210368
210368
210385
210385
210393
210463
210491
210588
210610
210623
210656
210671
210677
210678
210713
210978
210985
211012
211026
211057
211061
211089
211104
211124
211154
211166
211212
211216
211219
211255
211276
211276
211391
211403
211406
211408
211418
211558
211582
211595
211633
211645
211656
211734
211767
211769
211787
211809
211827
211830
211838
211863
211869
211886
211893
211897
211938
211958
212055
212059
212068
212076
212089
212122
212150
212206
212209
212245
212255
212259
212274
212324
212339
212341
212433
212442
212484
212504
212520
212552
212560
212573
212593
212632
212637
212666
212671
212695
212698
212699
212704
212711
212734
212735
212757
212773
212787
212859
212869
212922
212955
213029
213044
213055
213066
213072
213093
213119
213158
213169
213201
213233
213242
213278
213540
213604
213608
213614
213662
213753
213783
213790
213803
213816
213877
213890
213901
213917
213918
213964
213987
214006
214011
214024
214040
214054
214055
214063
214225
214240
214247
214279
214283
214300
214306
214381
214393
214417
214496
214504
214521
214547
214609
214610
214616
214626
214631
214639
214641
214656
214757
214852
214870
214881
214897
214905
214940
214991
215007
215013
215015
215028
215048
215050
215085
215224
215251
215256
215282
215305
215320
215333
215401
215523
215546
215626
215642
215646
215651
215659
215683
215692
215695
215710
215714
215720
215751
215764
215779
215887
215898
215904
215915
215916
215945
215956
216027
216049
216055
216068
216106
216110
216130
216200
216213
216221
216253
216274
216287
216334
216334
216352
216357
216360
216362
216366
216393
216396
216402
216407
216424
216440
216443
216447
216458
216460
216462
216486
216488
216519
216532
216567
216630
216633
216667
216672
216675
216819
216867
216872
216895
216901
216953
216971
216992
217017
217031
217040
217048
217053
217112
217167
217171
217193
217212
217253
217267
217461
217465
217545
217575
217581
217582
217606
217614
217631
217646
217684
217698
217715
217848
217962
217981
218005
218069
218194
218221
218815
218830
218836
218838
218866
218918
218950
218986
219000
219111
219111
219130
219295
219319
219336
219340
219344
219452
219521
219535
219543
219566
219573
219579
219588
219619
219625
219628
219631
219643
219648
219655
219671
219690
219693
219699
219778
219836
219912
219937
219946
219954
219970
219975
219989
220008
220031
220050
220053
220058
220083
220092
220120
220140
220189
220200
220257
220379
220381
220391
220393
220406
220445
220481
220484
220513
220517
220604
220614
220626
220631
220661
220690
220824
220852
220856
220875
220875
220935
221001
221003
221014
221020
221028
221071
221083
221561
221638
221645
221652
221818
221868
221901
221926
221932
221937
221944
221955
221957
221981
222002
222027
222030
222059
222072
222080
222085
222157
222167
222174
222219
222221
222225
222260
222270
222272
222294
222375
222376
222384
222393
222396
222399
222413
222419
222437
222443
222449
222464
222491
222540
222555
222561
222566
222580
222580
222584
222601
222616
222632
222836
222849
222876
222947
222969
222975
222990
222997
223076
223100
223101
223101
223112
223187
223217
223265
223283
223308
223350
223353
223388
223401
223407
223461
223469
223474
223505
223509
223595
223616
223640
223643
223666
223674
223733
223817
223837
223843
223849
223863
223934
223974
224035
224040
224091
224099
224101
224122
224145
224153
224161
224162
224207
224428
224428
224434
224441
224452
224473
224478
224484
224508
224518
224579
224608
224613
224620
224642
224647
224671
224735
224751
224754
224775
224843
225259
225327
225345
225378
225443
225453
225469
225592
225727
225843
225860
225926
225938
225947
225990
225997
226007
226028
226074
226108
226110
226137
226146
226150
226164
226183
226186
226206
226208
226243
226244
226247
226257
226272
226285
226316
226333
226338
226372
226388
226393
226411
226415
226423
226435
226444
226476
226496
226523
226529
226530
226572
226616
226683
226700
226706
226719
226730
226733
226758
226800
226805
226811
226817
226823
226869
226872
226880
226883
226888
226952
226992
227004
227016
227027
227340
227354
227367
227382
227455
227472
227481
227493
227513
227521
227528
227543
227551
227582
227584
227599
227607
227628
227633
227647
227650
227653
227663
227666
227703
227726
227730
227743
227758
227804
227817
227864
227921
227930
227966
228001
228008
228019
228022
228025
228032
228046
228067
228087
228095
228098
228101
228115
228125
228175
228184
228202
228204
228215
228350
228360
228388
228423
228458
228460
228463
228463
228522
228564
228569
228619
228641
228648
228657
228900
228933
228938
228949
228964
228973
228976
228983
229000
229008
229020
229023
229024
229085
229092
229105
229113
229154
229173
229203
229207
229209
229238
229241
229320
229326
229329
229341
229384
229386
229437
229446
229567
229595
229597
229654
229934
230009
230030
230044
230045
230051
230068
230072
230079
230117
230131
230137
230155
230157
230250
230253
230312
230385
230516
230519
230752
230788
230811
230817
230837
230839
230842
230864
230891
230895
230898
230910
230912
230937
230939
230965
230985
231018
231063
231111
231115
231160
231165
231190
231207
231221
231243
231249
231253
231274
231280
231303
231320
231364
231366
231384
231394
231465
231468
231617
231635
231638
231642
231649
231653
231668
231690
231716
231717
231719
231763
231774
231851
231856
231958
231985
231988
231999
232022
232070
232096
232121
232124
232130
232133
232245
232249
232249
232251
232272
232308
232314
232377
232384
232400
232442
232449
232536
232569
232583
232617
232627
232639
232644
232647
232666
232678
232679
232684
232699
232845
232855
232897
232930
232940
232942
232957
232961
232968
232971
233003
233010
233019
233021
233024
233041
233051
233118
233129
233141
233147
233157
233187
233206
233234
233234
233243
233247
233254
233265
233274
233370
233373
233380
233395
233413
233421
233439
233447
233451
233488
233513
233515
233647
233656
233686
233697
233706
233709
233748
233781
233794
233845
233980
234190
234193
234241
234300
234350
234372
234383
234451
234478
234480
234493
234505
234561
234563
234581
234590
234608
234655
234661
234666
234673
234703
234706
234763
234803
234815
235000
235020
235024
235065
235193
235198
235203
235208
235221
235228
235235
235237
235277
235415
235434
235447
235463
235466
235556
235567
235677
235691
235706
235765
235780
235783
235824
235826
235849
235904
235912
235928
235943
235956
235963
235964
235974
236025
236029
236094
236332
236334
236353
236354
236358
236496
236500
236505
236516
236536
236652
236680
236826
236831
236885
236901
236907
236990
236996
237007
237080
237084
237099
237120
237147
237183
237188
237204
237211
237244
237253
237367
237371
237374
237433
237439
237448
237493
237496
237499
237510
237513
237526
237545
237549
237582
237583
237592
237649
237653
237690
237695
237697
237705
237731
237742
237746
237751
237765
237815
237820
237846
237848
237854
237893
237896
237901
237974
237993
238017
238025
238042
238049
238073
238092
238136
238145
238223
238239
238432
238437
238447
238465
238468
238516
238526
238534
238550
238554
238569
238599
238600
238601
238623
238683
238692
238723
238730
238736
238771
238779
238783
238813
238825
238834
238877
238886
238892
238914
238944
238951
238972
238978
238983
238985
238994
239008
239022
239037
239052
239084
239098
239115
239140
239167
239189
239214
239228
239237
239256
239281
239327
239330
239353
239374
239380
239397
239409
239410
239416
239418
239423
239432
239438
239475
239509
239543
239560
239562
239569
239592
239779
239792
239796
239823
239844
239845
239849
239864
239866
239921
239964
240110
240127
240141
240146
240213
240230
240231
240248
240255
240261
240269
240271
240272
240284
240356
240368
240388
240402
240403
240409
240418
240423
240445
240458
240475
240520
240527
240557
240580
240588
240594
240602
240615
240733
240740
240763
240767
240832
240981
240994
241020
241023
241031
241045
241486
241498
241629
241634
241636
241648
241666
241680
241687
241693
241700
241706
241759
241782
241830
241833
241865
241875
241881
241953
241987
241995
242009
242030
242045
242048
242059
242064
242095
242123
242140
242146
242174
242204
242215
242218
242221
242228
242247
242304
242316
242350
242364
242378
242389
242411
242412
242494
242507
242515
242516
242593
242595
242598
242602
242612
242617
242621
242627
242667
242679
242730
242790
242807
242816
242843
242850
242857
242861
242862
242871
242935
242939
242946
243035
243045
243067
243073
243088
243092
243093
243095
243157
243162
243173
243178
243183
243202
243202
243204
243216
243218
243245
243248
243253
243260
243268
243273
243286
243307
243317
243333
243372
243420
243425
243442
243478
243485
243487
243638
243674
243681
243703
243708
243999
244071
244076
244092
244110
244128
244146
244215
244230
244240
244246
244252
244266
244272
244281
244314
244367
244393
244500
244515
244574
244582
244583
244610
244632
244643
244663
244675
244685
244693
244709
244712
244743
244744
244821
244865
244868
245031
245091
245112
245120
245241
245254
245293
245298
245302
245304
245312
245313
245324
245342
245393
245480
245492
245498
245499
245516
245539
245568
245582
245599
245601
245607
245608
245662
245670
245687
245781
245785
245831
245834
245874
245959
245987
246007
246012
246013
246019
246036
246041
246065
246077
246094
246136
246139
246151
246157
246274
246276
246282
246287
246295
246302
246329
246340
246353
246357
246372
246383
246395
246401
246424
246499
246579
246602
246607
246613
246643
246646
246649
246659
246665
246710
246711
246744
246780
246780
246844
246853
246878
246882
246889
246900
246914
246920
246934
246956
246976
246981
246983
246986
246998
247001
247074
247103
247207
247231
247241
247337
247368
247416
247425
247452
247456
247465
247719
247724
247728
247732
247749
247751
247757
247770
247805
247806
247824
247828
247838
247932
248025
248193
248231
248234
248244
248275
248281
248305
248315
248322
248333
248337
248348
248357
248365
248426
248431
248440
248446
248467
248474
248488
248492
248502
248506
248512
248516
248522
248533
248537
248542
248545
248553
248560
248562
248574
248578
248593
248598
248600
248629
248631
248642
248656
248671
248789
248820
248835
248836
248922
248925
248953
248960
248971
248980
248995
249013
249016
249081
249103
249106
249210
249211
249218
249236
249241
249243
249362
249364
249367
249396
249503
249520
249589
249620
249621
249627
249628
249689
249695
249704
249707
249725
249733
249747
249756
249757
249761
249764
249769
249790
249854
249860
249888
249936
249943
249975
249982
249987
250051
250054
250054
250093
250135
250155
250159
250168
250232
250276
250276
250302
250317
250319
250326
250448
250478
250480
250489
250578
250624
250633
250653
250686
250691
250724
250734
250749
250758
250768
250770
250776
250783
250788
250794
250806
250812
250821
251055
251056
251064
251067
251407
251421
251432
251444
251460
251501
251504
251527
251537
251596
251598
251600
251606
251618
251641
251650
251655
251676
251679
251708
251716
251720
251724
251728
251742
251753
251754
251759
251764
251765
251775
251783
251793
251803
251805
251934
251951
251962
252032
252054
252077
252093
252102
252134
252150
252190
252221
252226
252239
252257
252303
252304
252304
252306
252313
252321
252345
252349
252431
252446
252459
252467
252484
252486
252519
252528
252567
252578
252589
252596
252628
252638
252661
252665
252666
252669
252684
252694
252705
252716
252728
252738
252756
252762
252767
252784
252792
252840
252849
252856
252863
252877
252892
252928
252954
253009
253138
253158
253165
253185
253192
253198
253203
253205
253217
253267
253280
253293
253309
253328
253348
253367
253369
253403
253403
253406
253422
253431
253438
253459
253466
253560
253577
253584
253592
253605
253735
253757
253770
253770
253826
253937
253948
253956
253982
253996
254003
254003
254015
254018
254025
254049
254108
254121
254201
254205
254209
254218
254225
254229
254239
254282
254319
254319
254330
254354
254362
254376
254380
254390
254399
254434
254453
254464
254473
254476
254495
254533
254545
254635
254694
254706
